{
  "description": "PAM/PAMM reference data for PIJCV comparison with MultistateModels.jl",
  "date_generated": "2026-01-03 15:49:26",
  "mgcv_version": "1.9.3",
  "r_version": "R version 4.5.1 (2025-06-13)",
  "config": {
    "n": 500,
    "n_intervals": 50,
    "k": 15,
    "m": 2,
    "bs": "ps",
    "cens_time": 12,
    "true_hazard": "h0(t) = 0.5 * (1 + 0.5*sin(2*pi*t/10))"
  },
  "data": {
    "time": [0.1691, 0.1251, 1.6881, 0.3362, 0.7249, 1.0046, 0.5255, 2.4592, 0.6921, 0.5906, 1.1591, 0.5615, 0.1298, 1.8082, 1.1472, 0.1193, 0.0434, 2.5957, 1.1144, 0.907, 0.1904, 2.4296, 0.0222, 0.1061, 2.953, 1.0165, 1.3461, 0.187, 1.1876, 0.3251, 0.5234, 0.3749, 1.3522, 0.6322, 10.8482, 0.3313, 9.8203, 2.0225, 0.1853, 0.7905, 1.3776, 1.2177, 3.8112, 0.0527, 1.2287, 0.0845, 0.2226, 0.7287, 0.0579, 0.7749, 1.5224, 1.4791, 1.322, 0.4278, 3.7645, 0.5005, 0.6489, 2.218, 1.7852, 1.016, 0.6524, 0.0343, 0.4786, 0.8927, 0.2979, 2.1159, 1.7448, 0.3408, 0.6154, 1.8709, 3.6498, 2.4169, 1.9804, 1.1032, 2.0742, 0.561, 9.6466, 1.3898, 1.016, 11.9036, 0.8581, 2.2997, 1.4403, 0.7165, 0.4457, 0.8993, 1.9009, 2.864, 2.9145, 1.6188, 0.6698, 12, 2.0181, 0.1331, 0.1477, 0.5306, 1.5235, 1.0144, 0.5104, 0.7742, 0.7586, 1.9767, 1.9795, 1.3498, 0.1144, 0.0745, 0.5188, 0.5323, 0.9646, 11.5095, 0.7968, 0.3235, 0.495, 1.1723, 0.9646, 0.9608, 12, 1.4508, 0.7897, 0.3392, 1.4475, 1.2873, 0.8767, 0.8399, 0.5603, 1.3322, 0.1604, 0.0746, 1.9017, 0.5503, 0.1912, 0.8089, 0.7471, 0.1245, 0.2964, 0.8622, 0.3542, 2.6283, 0.4686, 0.7644, 2.3617, 2.9803, 1.1426, 0.4385, 0.5318, 0.3626, 2.2245, 0.1099, 1.6605, 2.3574, 0.5609, 1.5535, 0.4396, 1.3337, 0.6461, 0.4457, 2.1245, 4.1259, 2.4514, 0.6428, 0.1295, 0.9299, 0.8127, 2.0763, 0.9659, 2.1703, 1.1746, 1.5775, 2.6069, 2.1341, 0.5396, 1.2838, 1.2777, 1.1009, 1.2403, 2.4457, 0.3477, 0.8339, 0.4083, 0.4594, 0.1627, 0.2723, 1.5778, 1.7926, 0.5139, 0.5034, 0.163, 0.4107, 2.4691, 1.6821, 2.0884, 0.429, 2.5032, 2.5015, 3.0885, 3.414, 0.9739, 2.6408, 0.512, 0.5363, 0.2278, 1.0095, 0.2935, 1.1988, 2.2999, 1.2, 0.0643, 1.09, 1.8205, 1.7909, 0.9498, 0.7073, 1.5126, 3.2666, 1.1761, 0.3197, 0.874, 1.4581, 0.9371, 0.2128, 1.0764, 2.2159, 0.9474, 0.0768, 1.5891, 0.356, 1.6123, 2.1376, 3.5175, 1.8489, 1.4652, 2.2926, 1.6227, 4.9053, 0.0069, 0.3882, 2.903, 0.2578, 0.9203, 1.2572, 3.1571, 0.9044, 3.1107, 2.0043, 0.9319, 1.0966, 2.2898, 2.354, 1.0532, 0.1182, 1.5198, 2.1215, 1.7509, 0.9766, 4.5611, 0.3995, 2.6586, 0.9551, 0.8818, 0.7746, 0.5703, 2.5474, 1.5983, 0.1079, 1.0514, 2.455, 0.2592, 2.0355, 0.1489, 0.2246, 2.4471, 0.4265, 1.1708, 2.4512, 0.2276, 1.5116, 1.5699, 1.3068, 1.104, 1.4129, 1.1384, 3.4828, 2.1273, 0.0346, 1.5395, 2.2196, 1.0808, 4.7905, 1.5026, 4.1003, 0.2632, 0.5355, 1.5837, 1.3571, 1.5256, 2.8663, 0.4837, 0.81, 2.3824, 3.9829, 1.0921, 1.194, 3.2764, 1.542, 0.241, 0.1379, 1.3403, 2.2937, 1.5676, 1.6126, 2.6818, 0.0412, 1.0591, 2.8298, 2.0025, 0.1381, 1.6487, 0.7002, 0.1963, 0.0184, 1.2325, 1.3357, 2.4068, 1.712, 0.8966, 0.1289, 1.4423, 0.3132, 0.5547, 0.4966, 0.151, 11.4594, 2.2838, 1.3197, 0.653, 1.1007, 0.9692, 1.5778, 0.3675, 1.6656, 1.2915, 2.8535, 0.3998, 1.438, 3.7188, 3.7018, 0.0907, 1.3963, 0.3842, 0.1785, 1.2061, 0.8701, 3.0684, 2.2578, 0.5187, 1.1126, 0.6315, 0.0965, 1.0577, 1.126, 0.9073, 0.7017, 1.7128, 0.0401, 0.7203, 0.8559, 0.7814, 0.1487, 1.3466, 1.6815, 2.8555, 1.5605, 0.4812, 2.714, 0.5798, 0.0668, 2.0533, 2.6755, 3.3686, 0.3376, 0.8591, 1.127, 1.4218, 1.7107, 0.8173, 0.3599, 2.7794, 0.0724, 2.233, 2.9089, 0.2751, 0.9909, 0.6924, 1.9196, 0.5571, 1.0745, 0.0692, 0.1847, 0.9281, 3.0417, 4.4739, 1.0189, 0.7488, 1.2645, 0.2394, 2.6802, 0.0393, 1.7697, 2.9305, 1.3587, 2.5345, 0.8583, 1.8726, 0.5557, 2.3788, 2.3324, 1.7927, 0.4415, 1.2431, 3.2824, 2.6186, 1.0947, 0.0415, 0.374, 0.9477, 3.0868, 1.1363, 1.5012, 0.6223, 1.0166, 1.0148, 0.9416, 1.1863, 2.9352, 0.1388, 5.0323, 1.2776, 1.9311, 2.761, 1.0942, 0.7068, 0.1562, 1.4292, 0.2871, 1.6341, 1.1385, 2.401, 0.3816, 0.6732, 3.2495, 1.2309, 1.3267, 0.6075, 0.6871, 1.2966, 1.6127, 1.8095, 0.6589, 0.2095, 0.3058, 1.3382, 2.9959, 0.3403, 3.0794, 2.6192, 0.7287, 1.5655, 2.1198, 1.3355, 0.2735, 1.4754, 11.9974, 0.1761, 0.0961, 1.0741, 1.1437, 0.8246, 0.1864, 2.2079, 0.4254, 1.9043, 0.8685, 0.3154, 2.4776, 0.2065, 1.1792, 0.2099, 1.8368, 2.9375, 3.5108, 0.0403, 1.0911, 0.3065, 1.2714, 1.078, 2.1495, 0.4794, 1.619, 2.2514, 3.9718],
    "status": [1, 1, 1, 1, 1, 1, 1, 1, 1, 1, 1, 1, 1, 1, 1, 1, 1, 1, 1, 1, 1, 1, 1, 1, 1, 1, 1, 1, 1, 1, 1, 1, 1, 1, 1, 1, 1, 1, 1, 1, 1, 1, 1, 1, 1, 1, 1, 1, 1, 1, 1, 1, 1, 1, 1, 1, 1, 1, 1, 1, 1, 1, 1, 1, 1, 1, 1, 1, 1, 1, 1, 1, 1, 1, 1, 1, 1, 1, 1, 1, 1, 1, 1, 1, 1, 1, 1, 1, 1, 1, 1, 0, 1, 1, 1, 1, 1, 1, 1, 1, 1, 1, 1, 1, 1, 1, 1, 1, 1, 1, 1, 1, 1, 1, 1, 1, 0, 1, 1, 1, 1, 1, 1, 1, 1, 1, 1, 1, 1, 1, 1, 1, 1, 1, 1, 1, 1, 1, 1, 1, 1, 1, 1, 1, 1, 1, 1, 1, 1, 1, 1, 1, 1, 1, 1, 1, 1, 1, 1, 1, 1, 1, 1, 1, 1, 1, 1, 1, 1, 1, 1, 1, 1, 1, 1, 1, 1, 1, 1, 1, 1, 1, 1, 1, 1, 1, 1, 1, 1, 1, 1, 1, 1, 1, 1, 1, 1, 1, 1, 1, 1, 1, 1, 1, 1, 1, 1, 1, 1, 1, 1, 1, 1, 1, 1, 1, 1, 1, 1, 1, 1, 1, 1, 1, 1, 1, 1, 1, 1, 1, 1, 1, 1, 1, 1, 1, 1, 1, 1, 1, 1, 1, 1, 1, 1, 1, 1, 1, 1, 1, 1, 1, 1, 1, 1, 1, 1, 1, 1, 1, 1, 1, 1, 1, 1, 1, 1, 1, 1, 1, 1, 1, 1, 1, 1, 1, 1, 1, 1, 1, 1, 1, 1, 1, 1, 1, 1, 1, 1, 1, 1, 1, 1, 1, 1, 1, 1, 1, 1, 1, 1, 1, 1, 1, 1, 1, 1, 1, 1, 1, 1, 1, 1, 1, 1, 1, 1, 1, 1, 1, 1, 1, 1, 1, 1, 1, 1, 1, 1, 1, 1, 1, 1, 1, 1, 1, 1, 1, 1, 1, 1, 1, 1, 1, 1, 1, 1, 1, 1, 1, 1, 1, 1, 1, 1, 1, 1, 1, 1, 1, 1, 1, 1, 1, 1, 1, 1, 1, 1, 1, 1, 1, 1, 1, 1, 1, 1, 1, 1, 1, 1, 1, 1, 1, 1, 1, 1, 1, 1, 1, 1, 1, 1, 1, 1, 1, 1, 1, 1, 1, 1, 1, 1, 1, 1, 1, 1, 1, 1, 1, 1, 1, 1, 1, 1, 1, 1, 1, 1, 1, 1, 1, 1, 1, 1, 1, 1, 1, 1, 1, 1, 1, 1, 1, 1, 1, 1, 1, 1, 1, 1, 1, 1, 1, 1, 1, 1, 1, 1, 1, 1, 1, 1, 1, 1, 1, 1, 1, 1, 1, 1, 1, 1, 1, 1, 1, 1, 1, 1, 1, 1, 1, 1, 1, 1, 1, 1, 1, 1, 1, 1, 1, 1, 1, 1, 1, 1, 1, 1, 1, 1, 1, 1, 1, 1, 1, 1, 1, 1, 1]
  },
  "ncv": {
    "sp": 1.2725,
    "edf": 9.4941,
    "deviance": 2658.6411,
    "null_deviance": 2745.4633,
    "aic": 3673.6294
  },
  "reml": {
    "sp": 24.4064,
    "edf": 6.4415,
    "deviance": 2677.5629,
    "null_deviance": 2745.4633,
    "aic": 3687.8247
  },
  "fit_quality": {
    "rmse_ncv": 0.2517,
    "rmse_reml": 0.2351,
    "rel_rmse_ncv": 0.4958,
    "rel_rmse_reml": 0.4631
  },
  "predictions": {
    "t_eval": [0.1, 0.2101, 0.3202, 0.4303, 0.5404, 0.6505, 0.7606, 0.8707, 0.9808, 1.0909, 1.201, 1.3111, 1.4212, 1.5313, 1.6414, 1.7515, 1.8616, 1.9717, 2.0818, 2.1919, 2.302, 2.4121, 2.5222, 2.6323, 2.7424, 2.8525, 2.9626, 3.0727, 3.1828, 3.2929, 3.403, 3.5131, 3.6232, 3.7333, 3.8434, 3.9535, 4.0636, 4.1737, 4.2838, 4.3939, 4.504, 4.6141, 4.7242, 4.8343, 4.9444, 5.0545, 5.1646, 5.2747, 5.3848, 5.4949, 5.6051, 5.7152, 5.8253, 5.9354, 6.0455, 6.1556, 6.2657, 6.3758, 6.4859, 6.596, 6.7061, 6.8162, 6.9263, 7.0364, 7.1465, 7.2566, 7.3667, 7.4768, 7.5869, 7.697, 7.8071, 7.9172, 8.0273, 8.1374, 8.2475, 8.3576, 8.4677, 8.5778, 8.6879, 8.798, 8.9081, 9.0182, 9.1283, 9.2384, 9.3485, 9.4586, 9.5687, 9.6788, 9.7889, 9.899, 10.0091, 10.1192, 10.2293, 10.3394, 10.4495, 10.5596, 10.6697, 10.7798, 10.8899, 11],
    "h0_true": [0.5157, 0.5329, 0.55, 0.5668, 0.5833, 0.5994, 0.615, 0.63, 0.6445, 0.6583, 0.6713, 0.6834, 0.6947, 0.7051, 0.7145, 0.7229, 0.7302, 0.7364, 0.7414, 0.7453, 0.7481, 0.7496, 0.75, 0.7491, 0.7471, 0.7439, 0.7395, 0.734, 0.7273, 0.7196, 0.7108, 0.701, 0.6903, 0.6786, 0.6661, 0.6528, 0.6387, 0.624, 0.6087, 0.5929, 0.5767, 0.56, 0.5431, 0.526, 0.5087, 0.4914, 0.4742, 0.4571, 0.4401, 0.4235, 0.4072, 0.3914, 0.3761, 0.3614, 0.3473, 0.334, 0.3215, 0.3098, 0.2991, 0.2893, 0.2805, 0.2727, 0.2661, 0.2605, 0.2561, 0.2529, 0.2509, 0.25, 0.2504, 0.2519, 0.2546, 0.2585, 0.2636, 0.2698, 0.2771, 0.2854, 0.2948, 0.3052, 0.3165, 0.3286, 0.3416, 0.3554, 0.3698, 0.3849, 0.4005, 0.4166, 0.4331, 0.4499, 0.4669, 0.4841, 0.5014, 0.5187, 0.5359, 0.5529, 0.5697, 0.5861, 0.6021, 0.6176, 0.6326, 0.6469],
    "h0_ncv": [0.7535, 0.6309, 0.571, 0.5507, 0.5581, 0.5861, 0.6289, 0.6799, 0.7302, 0.7701, 0.7977, 0.8145, 0.8227, 0.8252, 0.825, 0.8251, 0.8285, 0.8384, 0.8575, 0.8849, 0.9183, 0.9553, 0.9929, 1.0277, 1.0558, 1.0731, 1.0755, 1.0599, 1.028, 0.9835, 0.9303, 0.8718, 0.8115, 0.7518, 0.6949, 0.6423, 0.5947, 0.5508, 0.5087, 0.4671, 0.4251, 0.3822, 0.3385, 0.2944, 0.2507, 0.2084, 0.1695, 0.1354, 0.1067, 0.0834, 0.0648, 0.0504, 0.0393, 0.031, 0.0247, 0.02, 0.0164, 0.0137, 0.0117, 0.0101, 0.009, 0.0081, 0.0075, 0.0071, 0.0069, 0.0068, 0.007, 0.0072, 0.0076, 0.0082, 0.0091, 0.0102, 0.0117, 0.0136, 0.016, 0.0191, 0.0229, 0.0275, 0.0332, 0.04, 0.048, 0.057, 0.0672, 0.0785, 0.0907, 0.1037, 0.1172, 0.1311, 0.145, 0.1584, 0.171, 0.1826, 0.1937, 0.205, 0.2173, 0.2316, 0.2492, 0.2717, 0.3016, 0.342],
    "h0_reml": [0.6556, 0.6446, 0.6391, 0.6384, 0.642, 0.6494, 0.66, 0.6735, 0.6895, 0.7075, 0.7273, 0.7487, 0.7715, 0.7954, 0.8202, 0.8455, 0.8709, 0.8961, 0.9206, 0.9436, 0.9643, 0.9819, 0.9954, 1.0039, 1.0067, 1.0028, 0.9917, 0.9731, 0.9472, 0.9149, 0.877, 0.8345, 0.7883, 0.7394, 0.6888, 0.6374, 0.586, 0.5354, 0.4865, 0.4397, 0.3956, 0.3544, 0.3163, 0.2814, 0.2496, 0.2209, 0.1952, 0.1723, 0.1521, 0.1344, 0.1189, 0.1055, 0.0939, 0.0839, 0.0753, 0.068, 0.0618, 0.0564, 0.0519, 0.048, 0.0447, 0.042, 0.0397, 0.0378, 0.0364, 0.0352, 0.0344, 0.0338, 0.0335, 0.0335, 0.0338, 0.0343, 0.035, 0.0361, 0.0375, 0.0391, 0.0411, 0.0435, 0.0463, 0.0495, 0.0532, 0.0575, 0.0624, 0.068, 0.0744, 0.0817, 0.09, 0.0995, 0.1105, 0.1229, 0.1372, 0.1536, 0.1724, 0.1941, 0.2192, 0.2484, 0.2823, 0.3219, 0.3684, 0.423]
  },
  "penalty_matrix": {
    "nrow": 14,
    "ncol": 14,
    "values": [0.4526, -0.2081, 0.1379, 0.0231, 0.0073, 0.0033, 0.0031, 0.0032, 0.0034, 0.0032, 0.003, 0.002, 0.0013, 0.0001, -0.2081, 0.2305, -0.2498, 0.0533, -0.0056, -0.0038, -0.0023, -0.0021, -0.0018, -0.002, -0.0014, -0.0017, -0.0004, -0.0001, 0.1379, -0.2498, 0.4124, -0.2398, 0.0653, 0.0011, 0.0012, 0.0013, 0.0014, 0.0013, 0.0013, 0.0008, 0.0006, 0, 0.0231, 0.0533, -0.2398, 0.3772, -0.2496, 0.0626, 0.0002, 0.0002, 0.0003, 0.0002, 0.0003, 0.0001, 0.0001, -1.7086e-06, 0.0073, -0.0056, 0.0653, -0.2496, 0.375, -0.2501, 0.0625, 0, 0, 0, 0, -7.7647e-06, 0, -2.7228e-06, 0.0033, -0.0038, 0.0011, 0.0626, -0.2501, 0.3749, -0.25, 0.0625, -6.4701e-06, -0, 5.4443e-07, -0, 8.6535e-06, -2.2463e-06, 0.0031, -0.0023, 0.0012, 0.0002, 0.0625, -0.25, 0.375, -0.25, 0.0625, 9.0642e-06, 0, -2.3994e-06, 0, -1.1094e-06, 0.0032, -0.0021, 0.0013, 0.0002, 0, 0.0625, -0.25, 0.375, -0.25, 0.0625, 0, 1.4645e-06, 0, -9.1962e-07, 0.0034, -0.0018, 0.0014, 0.0003, 0, -6.4701e-06, 0.0625, -0.25, 0.375, -0.25, 0.0625, 7.4372e-06, 0, -6.5067e-07, 0.0032, -0.002, 0.0013, 0.0002, 0, -0, 9.0642e-06, 0.0625, -0.25, 0.375, -0.25, 0.0625, 0, -8.5739e-07, 0.003, -0.0014, 0.0013, 0.0003, 0, 5.4443e-07, 0, 0, 0.0625, -0.25, 0.375, -0.25, 0.0625, -4.1208e-07, 0.002, -0.0017, 0.0008, 0.0001, -7.7647e-06, -0, -2.3994e-06, 1.4645e-06, 7.4372e-06, 0.0625, -0.25, 0.375, -0.25, 0.0625, 0.0013, -0.0004, 0.0006, 0.0001, 0, 8.6535e-06, 0, 0, 0, 0, 0.0625, -0.25, 0.3125, -0.125, 0.0001, -0.0001, 0, -1.7086e-06, -2.7228e-06, -2.2463e-06, -1.1094e-06, -9.1962e-07, -6.5067e-07, -8.5739e-07, -4.1208e-07, 0.0625, -0.125, 0.0625]
  },
  "knots": [-2.9983, -2.0017, -1.0051, -0.0085, 0.9881, 1.9847, 2.9813, 3.9779, 4.9745, 5.9711, 6.9677, 7.9643, 8.9609, 9.9575, 10.9541, 11.9507, 12.9473, 13.9439, 14.9405],
  "coefficients": {
    "intercept_ncv": -0.5269,
    "smooth_ncv": [-4.1599, -3.8714, -2.0324, -0.0404, -0.3069, -0.7399, -3.3583, -4.8549, -4.3888, -2.4393, -1.2235, -1.0257, 1.1618, 4.0515],
    "intercept_reml": -0.4818,
    "smooth_reml": [-0.3824, -0.3664, 0.1703, 0.4912, 0.0674, -0.9272, -2.1168, -2.8873, -3.0017, -2.4913, -1.6058, -0.4957, 0.9124, 2.3921]
  }
}
